0 0.6765625 0.5689814814814815 0.12552083333333333 0.26944444444444443
0 0.6704427083333333 0.5706018518518519 0.14505208333333333 0.2662037037037037
0 0.673828125 0.5682870370370371 0.15546875 0.2513888888888889
0 0.7649739583333334 0.5541666666666667 0.11796875 0.25277777777777777
0 0.7626302083333333 0.5550925925925926 0.11171875 0.24166666666666667
0 0.7720052083333333 0.5675925925925925 0.10598958333333333 0.29259259259259257
0 0.7686197916666667 0.5731481481481482 0.11640625 0.25462962962962965
0 0.7673177083333333 0.5689814814814815 0.11171875 0.26296296296296295
0 0.7686197916666667 0.5747685185185185 0.12005208333333334 0.2810185185185185
0 0.7436197916666667 0.5432870370370371 0.09401041666666667 0.23472222222222222
0 0.7626302083333333 0.5451388888888888 0.08203125 0.2449074074074074
0 0.7555989583333333 0.5409722222222222 0.10130208333333333 0.2625
0 0.747265625 0.5444444444444444 0.10859375 0.26944444444444443
0 0.7385416666666667 0.5509259259259259 0.1171875 0.25925925925925924
0 0.75234375 0.5592592592592592 0.09479166666666666 0.26296296296296295
0 0.757421875 0.5534722222222223 0.08828125 0.2513888888888889
0 0.73984375 0.555787037037037 0.1421875 0.25972222222222224
0 0.7510416666666667 0.5416666666666666 0.103125 0.23796296296296296
0 0.75 0.5509259259259259 0.11822916666666666 0.23981481481481481
0 0.6662760416666667 0.7608796296296296 0.13671875 0.3226851851851852
0 0.671875 0.5516203703703704 0.10885416666666667 0.2412037037037037
0 0.6778645833333333 0.5435185185185185 0.13020833333333334 0.24166666666666667
0 0.6770833333333334 0.5335648148148148 0.13958333333333334 0.24768518518518517
0 0.6598958333333333 0.6129629629629629 0.13125 0.2777777777777778
0 0.6611979166666667 0.6046296296296296 0.1375 0.2740740740740741
0 0.6584635416666667 0.6046296296296296 0.13932291666666666 0.2675925925925926
0 0.6649739583333333 0.600462962962963 0.11328125 0.26944444444444443
0 0.6686197916666666 0.5997685185185185 0.12265625 0.26805555555555555
0 0.6825520833333333 0.5981481481481481 0.14322916666666666 0.28425925925925927
0 0.6662760416666667 0.59375 0.12005208333333334 0.2726851851851852
0 0.6583333333333333 0.60625 0.10416666666666667 0.274537037037037
0 0.6505208333333333 0.600462962962963 0.103125 0.2759259259259259
0 0.6571614583333333 0.6087962962962963 0.11067708333333333 0.27314814814814814
0 0.66171875 0.607175925925926 0.10885416666666667 0.25601851851851853
0 0.6645833333333333 0.6136574074074074 0.121875 0.25601851851851853
0 0.6580729166666667 0.6055555555555555 0.121875 0.2564814814814815
0 0.647265625 0.6104166666666667 0.13776041666666666 0.24953703703703703
0 0.6380208333333334 0.5946759259259259 0.17291666666666666 0.2708333333333333
0 0.6123697916666667 0.5740740740740741 0.15703125 0.2796296296296296
0 0.596484375 0.5831018518518518 0.14973958333333334 0.2810185185185185
0 0.59609375 0.59375 0.13020833333333334 0.2828703703703704
0 0.6537760416666667 0.6013888888888889 0.11901041666666666 0.2675925925925926
0 0.66171875 0.6055555555555555 0.10677083333333333 0.23981481481481481
0 0.6514322916666667 0.5979166666666667 0.14036458333333332 0.274537037037037
0 0.5720052083333333 0.6583333333333333 0.12838541666666667 0.26296296296296295
0 0.5729166666666666 0.6534722222222222 0.13020833333333334 0.2763888888888889
0 0.5794270833333334 0.6550925925925926 0.1265625 0.26944444444444443
0 0.5765625 0.6657407407407407 0.08385416666666666 0.25462962962962965
0 0.573828125 0.6608796296296297 0.10963541666666667 0.2708333333333333
0 0.47708333333333336 0.7071759259259259 0.08541666666666667 0.2449074074074074
0 0.46822916666666664 0.7486111111111111 0.1421875 0.32407407407407407
0 0.45390625 0.7518518518518519 0.13958333333333334 0.3138888888888889
0 0.46171875 0.7460648148148148 0.12552083333333333 0.32546296296296295
0 0.49895833333333334 0.7444444444444445 0.1421875 0.33240740740740743
0 0.4850260416666667 0.7335648148148148 0.17578125 0.3106481481481482
0 0.5291666666666667 0.6847222222222222 0.11927083333333334 0.30277777777777776
0 0.532421875 0.6837962962962963 0.13463541666666667 0.2777777777777778
0 0.5203125 0.6872685185185186 0.15885416666666666 0.2912037037037037
0 0.6440104166666667 0.7078703703703704 0.1328125 0.3388888888888889
0 0.6640625 0.6782407407407407 0.1359375 0.27314814814814814
0 0.6709635416666667 0.6782407407407407 0.12369791666666667 0.2824074074074074
0 0.642578125 0.6865740740740741 0.13567708333333334 0.29259259259259257
0 0.6515625 0.6914351851851852 0.1125 0.29305555555555557
0 0.6677083333333333 0.6905092592592592 0.11145833333333334 0.2810185185185185
0 0.632421875 0.6898148148148148 0.16380208333333332 0.2861111111111111
0 0.6421875 0.6756944444444445 0.13854166666666667 0.2912037037037037
0 0.642578125 0.669212962962963 0.14505208333333333 0.26805555555555555
0 0.5463541666666667 0.6715277777777777 0.10677083333333333 0.25601851851851853
0 0.562109375 0.669212962962963 0.12369791666666667 0.2449074074074074
0 0.49466145833333336 0.6939814814814815 0.17109375 0.26481481481481484
0 0.5045572916666666 0.6872685185185186 0.17942708333333332 0.2708333333333333
0 0.515625 0.6898148148148148 0.13125 0.2759259259259259
0 0.5115885416666667 0.6898148148148148 0.12838541666666667 0.26296296296296295
0 0.5114583333333333 0.6972222222222222 0.11145833333333334 0.2740740740740741
0 0.5076822916666667 0.6981481481481482 0.11536458333333334 0.26944444444444443
0 0.5078125 0.6949074074074074 0.1265625 0.2462962962962963
0 0.49140625 0.6988425925925926 0.1125 0.2513888888888889
0 0.4901041666666667 0.6956018518518519 0.12291666666666666 0.2708333333333333
0 0.47760416666666666 0.6932870370370371 0.13125 0.2662037037037037
0 0.4627604166666667 0.6664351851851852 0.12552083333333333 0.2662037037037037
0 0.4505208333333333 0.6724537037037037 0.10885416666666667 0.26435185185185184
0 0.44635416666666666 0.6625 0.10989583333333333 0.25462962962962965
0 0.52265625 0.6872685185185186 0.10989583333333333 0.2708333333333333
0 0.50859375 0.6914351851851852 0.10416666666666667 0.24953703703703703
0 0.471484375 0.6287037037037037 0.13203125 0.32592592592592595
0 0.478515625 0.6344907407407407 0.11640625 0.274537037037037
0 0.30638020833333335 0.680787037037037 0.10494791666666667 0.3337962962962963
0 0.3296875 0.6847222222222222 0.15729166666666666 0.32592592592592595
0 0.32734375 0.6763888888888889 0.15260416666666668 0.31574074074074077
0 0.319921875 0.6798611111111111 0.13776041666666666 0.32916666666666666
0 0.3938802083333333 0.6393518518518518 0.10703125 0.3435185185185185
0 0.4161458333333333 0.6592592592592592 0.10885416666666667 0.33425925925925926
0 0.4063802083333333 0.6474537037037037 0.11171875 0.350462962962963
0 0.49518229166666666 0.712037037037037 0.16848958333333333 0.42314814814814816
0 0.5240885416666666 0.6840277777777778 0.11796875 0.3541666666666667
0 0.551953125 0.6747685185185185 0.17213541666666668 0.37546296296296294
0 0.5696614583333334 0.6865740740740741 0.15703125 0.36203703703703705
0 0.5501302083333334 0.6766203703703704 0.11640625 0.3587962962962963
0 0.5365885416666667 0.6798611111111111 0.15442708333333333 0.3625
0 0.5333333333333333 0.6775462962962963 0.16458333333333333 0.36712962962962964
0 0.5505208333333333 0.6847222222222222 0.175 0.3685185185185185
0 0.5244791666666667 0.6856481481481481 0.16927083333333334 0.38055555555555554
0 0.4529947916666667 0.6335648148148149 0.14505208333333333 0.3060185185185185
0 0.40455729166666665 0.6425925925925926 0.15078125 0.30092592592592593
0 0.40546875 0.638425925925926 0.165625 0.2861111111111111
0 0.403125 0.6412037037037037 0.15520833333333334 0.30092592592592593
0 0.39986979166666664 0.6342592592592593 0.17109375 0.3074074074074074
0 0.4134114583333333 0.6451388888888889 0.17942708333333332 0.3060185185185185
0 0.4640625 0.768287037037037 0.14895833333333333 0.39675925925925926
0 0.4915364583333333 0.7162037037037037 0.19817708333333334 0.375
0 0.5087239583333333 0.7155092592592592 0.17317708333333334 0.350462962962963
0 0.52265625 0.7013888888888888 0.20104166666666667 0.3685185185185185
0 0.6194010416666667 0.6717592592592593 0.12630208333333334 0.36203703703703705
0 0.6295572916666666 0.6608796296296297 0.11171875 0.3800925925925926
0 0.6309895833333333 0.7451388888888889 0.1703125 0.3800925925925926
0 0.7244791666666667 0.5194444444444445 0.10416666666666667 0.22314814814814815
0 0.62578125 0.5259259259259259 0.06510416666666667 0.2462962962962963
0 0.6240885416666667 0.5219907407407407 0.06328125 0.24768518518518517
0 0.6264322916666667 0.5284722222222222 0.062239583333333334 0.23472222222222222
0 0.6268229166666667 0.5210648148148148 0.06302083333333333 0.25324074074074077
0 0.6313802083333333 0.5203703703703704 0.07994791666666666 0.24444444444444444
0 0.649609375 0.5599537037037037 0.11432291666666666 0.25787037037037036
0 0.6611979166666667 0.5541666666666667 0.1359375 0.23333333333333334
0 0.7002604166666667 0.5805555555555556 0.08385416666666666 0.29259259259259257
0 0.6970052083333333 0.5833333333333334 0.08098958333333334 0.30092592592592593
0 0.6966145833333334 0.5782407407407407 0.08385416666666666 0.3175925925925926
0 0.7579427083333333 0.5773148148148148 0.13776041666666666 0.2962962962962963
0 0.8147135416666667 0.5840277777777778 0.08203125 0.28935185185185186
0 0.81328125 0.5872685185185185 0.10520833333333333 0.2791666666666667
0 0.818359375 0.5831018518518518 0.08567708333333333 0.29398148148148145
0 0.8161458333333333 0.5914351851851852 0.08645833333333333 0.29398148148148145
0 0.80859375 0.5912037037037037 0.10520833333333333 0.2777777777777778
0 0.7653645833333333 0.6162037037037037 0.1265625 0.2972222222222222
0 0.73046875 0.6020833333333333 0.09947916666666666 0.2828703703703704
0 0.7235677083333333 0.600462962962963 0.10807291666666667 0.2861111111111111
0 0.7282552083333333 0.6046296296296296 0.11171875 0.28425925925925927
0 0.73515625 0.6055555555555555 0.11614583333333334 0.2759259259259259
0 0.7803385416666667 0.5236111111111111 0.07630208333333334 0.24814814814814815
0 0.7778645833333333 0.512962962962963 0.09583333333333334 0.2564814814814815
0 0.8212239583333333 0.5525462962962963 0.07421875 0.25324074074074077
0 0.27434895833333334 0.7113425925925926 0.12473958333333333 0.3023148148148148
0 0.27760416666666665 0.7037037037037037 0.121875 0.3074074074074074
0 0.295703125 0.7039351851851852 0.14140625 0.2810185185185185
0 0.310546875 0.6949074074074074 0.11536458333333334 0.2861111111111111
0 0.4134114583333333 0.7226851851851852 0.09765625 0.31574074074074077
0 0.41067708333333336 0.7164351851851852 0.09583333333333334 0.33564814814814814
0 0.400390625 0.7666666666666667 0.15546875 0.32037037037037036
0 0.4203125 0.7592592592592593 0.11354166666666667 0.3194444444444444
0 0.317578125 0.6888888888888889 0.11640625 0.3138888888888889
0 0.6319010416666667 0.6814814814814815 0.10494791666666667 0.2361111111111111
0 0.6333333333333333 0.6708333333333333 0.10989583333333333 0.24814814814814815
0 0.6361979166666667 0.6699074074074074 0.12083333333333333 0.2564814814814815
0 0.647265625 0.6643518518518519 0.11171875 0.25462962962962965
0 0.525390625 0.6402777777777777 0.07630208333333334 0.22962962962962963
0 0.52734375 0.6483796296296296 0.08385416666666666 0.23287037037037037
0 0.527734375 0.6393518518518518 0.07526041666666666 0.22777777777777777
0 0.5319010416666666 0.638425925925926 0.07994791666666666 0.25277777777777777
0 0.54453125 0.6780092592592593 0.12552083333333333 0.2199074074074074
0 0.5454427083333333 0.6840277777777778 0.12161458333333333 0.22453703703703703
0 0.5584635416666667 0.694675925925926 0.11796875 0.29583333333333334
0 0.5533854166666666 0.6932870370370371 0.096875 0.3125
0 0.5552083333333333 0.6981481481481482 0.12083333333333333 0.29907407407407405
0 0.5821614583333333 0.7229166666666667 0.11536458333333334 0.3189814814814815
0 0.688671875 0.7303240740740741 0.08098958333333334 0.36064814814814816
0 0.6774739583333333 0.7377314814814815 0.10338541666666666 0.3458333333333333
0 0.6890625 0.7469907407407408 0.0875 0.3736111111111111
0 0.693359375 0.7534722222222222 0.09401041666666667 0.3736111111111111
0 0.6682291666666667 0.7509259259259259 0.121875 0.35555555555555557
0 0.6756510416666667 0.7402777777777778 0.10703125 0.3537037037037037
0 0.6259114583333333 0.7509259259259259 0.10026041666666667 0.3287037037037037
0 0.5608072916666667 0.7245370370370371 0.12265625 0.3194444444444444
0 0.5622395833333333 0.71875 0.11822916666666666 0.32083333333333336
0 0.5639322916666667 0.7180555555555556 0.12369791666666667 0.31574074074074077
0 0.5677083333333334 0.7280092592592593 0.1421875 0.3125
0 0.70078125 0.6965277777777777 0.1328125 0.2263888888888889
0 0.705859375 0.6789351851851851 0.10026041666666667 0.26805555555555555
0 0.7067708333333333 0.6766203703703704 0.10052083333333334 0.2662037037037037
0 0.7170572916666667 0.6782407407407407 0.09296875 0.2861111111111111
0 0.20885416666666667 0.6145833333333334 0.09583333333333334 0.2412037037037037
0 0.20963541666666666 0.6087962962962963 0.09583333333333334 0.2564814814814815
0 0.22734375 0.6104166666666667 0.12552083333333333 0.24953703703703703
0 0.23111979166666666 0.6078703703703704 0.11432291666666666 0.2611111111111111
0 0.28177083333333336 0.6409722222222223 0.08177083333333333 0.3106481481481482
0 0.28411458333333334 0.6469907407407407 0.06979166666666667 0.28935185185185186
0 0.2584635416666667 0.680787037037037 0.09661458333333334 0.3143518518518518
0 0.26731770833333335 0.6724537037037037 0.07161458333333333 0.30416666666666664
0 0.27109375 0.669212962962963 0.07708333333333334 0.3143518518518518
0 0.246875 0.607175925925926 0.09010416666666667 0.2662037037037037
0 0.24075520833333333 0.6087962962962963 0.08932291666666667 0.2861111111111111
0 0.5315104166666667 0.6534722222222222 0.1328125 0.3060185185185185
0 0.5346354166666667 0.6576388888888889 0.13020833333333334 0.3337962962962963
0 0.53515625 0.6583333333333333 0.1421875 0.3194444444444444
0 0.554296875 0.655787037037037 0.12838541666666667 0.3439814814814815
0 0.5658854166666667 0.6574074074074074 0.13489583333333333 0.3175925925925926
0 0.469140625 0.5956018518518519 0.09401041666666667 0.2791666666666667
0 0.46536458333333336 0.5953703703703703 0.08645833333333333 0.2462962962962963
0 0.46875 0.5962962962962963 0.08177083333333333 0.2675925925925926
0 0.459765625 0.5979166666666667 0.08463541666666667 0.274537037037037
0 0.46966145833333334 0.6335648148148149 0.15078125 0.26990740740740743
0 0.46041666666666664 0.6509259259259259 0.13385416666666666 0.24166666666666667
1 0.7680989583333333 0.6236111111111111 0.10234375 0.2037037037037037
1 0.7611979166666667 0.6261574074074074 0.12760416666666666 0.1986111111111111
1 0.7700520833333333 0.6252314814814814 0.128125 0.20694444444444443
1 0.7444010416666667 0.6053240740740741 0.08098958333333334 0.24305555555555555
1 0.7416666666666667 0.5905092592592592 0.08645833333333333 0.2662037037037037
1 0.7444010416666667 0.5666666666666667 0.08828125 0.2675925925925926
1 0.744921875 0.5650462962962963 0.09661458333333334 0.2449074074074074
1 0.744921875 0.5731481481481482 0.10026041666666667 0.23796296296296296
1 0.7588541666666667 0.5789351851851852 0.11145833333333334 0.20324074074074075
1 0.76640625 0.5789351851851852 0.1171875 0.19675925925925927
1 0.7626302083333333 0.5930555555555556 0.13932291666666666 0.14907407407407408
1 0.7662760416666666 0.5946759259259259 0.14140625 0.1884259259259259
1 0.766796875 0.5740740740740741 0.14609375 0.21666666666666667
1 0.764453125 0.5821759259259259 0.14869791666666668 0.21342592592592594
1 0.7649739583333334 0.5888888888888889 0.15703125 0.18703703703703703
1 0.7733072916666667 0.5965277777777778 0.13880208333333333 0.21157407407407408
1 0.7704427083333333 0.6037037037037037 0.10703125 0.18703703703703703
1 0.7752604166666667 0.612037037037037 0.10885416666666667 0.18055555555555555
1 0.7723958333333333 0.607175925925926 0.1015625 0.1837962962962963
1 0.7662760416666666 0.6122685185185185 0.11536458333333334 0.19675925925925927
1 0.771875 0.6136574074074074 0.10989583333333333 0.18009259259259258
1 0.7774739583333333 0.6081018518518518 0.10807291666666667 0.1884259259259259
1 0.7798177083333333 0.6037037037037037 0.12161458333333333 0.2064814814814815
1 0.7709635416666667 0.6011574074074074 0.11901041666666666 0.21157407407407408
1 0.6890625 0.549074074074074 0.13385416666666666 0.2462962962962963
1 0.7579427083333333 0.5898148148148148 0.09296875 0.15555555555555556
1 0.7467447916666666 0.5930555555555556 0.08567708333333333 0.16574074074074074
1 0.7463541666666667 0.5837962962962963 0.0921875 0.1935185185185185
1 0.5854166666666667 0.674074074074074 0.15364583333333334 0.3138888888888889
1 0.5700520833333333 0.6650462962962963 0.17291666666666666 0.3023148148148148
1 0.5798177083333333 0.6541666666666667 0.11432291666666666 0.34074074074074073
1 0.571484375 0.6368055555555555 0.11796875 0.32546296296296295
1 0.6408854166666667 0.6493055555555556 0.10416666666666667 0.350462962962963
1 0.6486979166666667 0.656712962962963 0.10677083333333333 0.33935185185185185
1 0.659765625 0.6493055555555556 0.14036458333333332 0.3439814814814815
1 0.6677083333333333 0.6782407407407407 0.1265625 0.4083333333333333
1 0.5794270833333334 0.6583333333333333 0.15260416666666668 0.2962962962962963
1 0.5760416666666667 0.6104166666666667 0.10885416666666667 0.2828703703703704
1 0.5779947916666667 0.5979166666666667 0.12369791666666667 0.3106481481481482
1 0.5817708333333333 0.6030092592592593 0.12916666666666668 0.29398148148148145
1 0.5904947916666666 0.5956018518518519 0.13203125 0.3189814814814815
1 0.6022135416666666 0.5921296296296297 0.14609375 0.2759259259259259
1 0.6127604166666667 0.5956018518518519 0.13020833333333334 0.2828703703703704
1 0.6235677083333333 0.5773148148148148 0.12369791666666667 0.2962962962962963
1 0.630078125 0.5657407407407408 0.11796875 0.27314814814814814
1 0.6385416666666667 0.569212962962963 0.1125 0.2726851851851852
1 0.64921875 0.5747685185185185 0.11354166666666667 0.2875
1 0.6821614583333333 0.5747685185185185 0.12369791666666667 0.2449074074074074
1 0.6756510416666667 0.5706018518518519 0.12369791666666667 0.2199074074074074
1 0.671875 0.5673611111111111 0.11614583333333334 0.24953703703703703
1 0.6736979166666667 0.580787037037037 0.1125 0.2199074074074074
1 0.6682291666666667 0.5782407407407407 0.1015625 0.225
1 0.6821614583333333 0.5756944444444444 0.11432291666666666 0.22361111111111112
1 0.683984375 0.5789351851851852 0.11796875 0.2199074074074074
1 0.67421875 0.5699074074074074 0.10416666666666667 0.2212962962962963
1 0.669140625 0.5789351851851852 0.10703125 0.24305555555555555
1 0.6677083333333333 0.5831018518518518 0.10416666666666667 0.22453703703703703
1 0.6696614583333333 0.5766203703703704 0.09296875 0.2412037037037037
1 0.6727864583333333 0.5699074074074074 0.10130208333333333 0.23148148148148148
1 0.6807291666666667 0.5699074074074074 0.1078125 0.21851851851851853
1 0.6783854166666666 0.5689814814814815 0.11614583333333334 0.2462962962962963
1 0.6811197916666667 0.5657407407407408 0.12369791666666667 0.23981481481481481
1 0.6705729166666666 0.5879629629629629 0.0984375 0.23148148148148148
1 0.6720052083333333 0.6023148148148149 0.09765625 0.2
1 0.6774739583333333 0.6023148148148149 0.10494791666666667 0.1935185185185185
1 0.67421875 0.6055555555555555 0.1171875 0.23333333333333334
1 0.6705729166666666 0.5923611111111111 0.1078125 0.2199074074074074
1 0.6720052083333333 0.5962962962962963 0.11067708333333333 0.24444444444444444
1 0.7002604166666667 0.5798611111111112 0.15625 0.24768518518518517
1 0.6899739583333333 0.5856481481481481 0.12838541666666667 0.22685185185185186
1 0.6798177083333333 0.5912037037037037 0.12265625 0.23148148148148148
1 0.6723958333333333 0.5879629629629629 0.13229166666666667 0.23796296296296296
1 0.67890625 0.5923611111111111 0.11354166666666667 0.24953703703703703
1 0.6705729166666666 0.59375 0.1171875 0.24953703703703703
1 0.6626302083333333 0.6412037037037037 0.09973958333333334 0.16203703703703703
1 0.669140625 0.6393518518518518 0.09036458333333333 0.16574074074074074
1 0.6662760416666667 0.6467592592592593 0.11432291666666666 0.1638888888888889
1 0.6704427083333333 0.6483796296296296 0.09296875 0.1736111111111111
1 0.541796875 0.7013888888888888 0.11432291666666666 0.2824074074074074
1 0.537890625 0.6956018518518519 0.11067708333333333 0.3106481481481482
1 0.5361979166666667 0.6979166666666666 0.12552083333333333 0.29583333333333334
1 0.60078125 0.6798611111111111 0.07447916666666667 0.2662037037037037
1 0.6063802083333333 0.6888888888888889 0.09661458333333334 0.2611111111111111
1 0.35390625 0.6643518518518519 0.0921875 0.2777777777777778
1 0.34544270833333335 0.6791666666666667 0.08828125 0.2611111111111111
1 0.37109375 0.7393518518518518 0.0875 0.25925925925925924
1 0.37890625 0.7444444444444445 0.0828125 0.26944444444444443
1 0.469140625 0.7245370370370371 0.11796875 0.27314814814814814
1 0.4705729166666667 0.725462962962963 0.12447916666666667 0.2777777777777778
1 0.4720052083333333 0.7178240740740741 0.10130208333333333 0.2828703703703704
1 0.47096354166666665 0.7145833333333333 0.11432291666666666 0.29953703703703705
1 0.471484375 0.7203703703703703 0.12838541666666667 0.30092592592592593
1 0.47434895833333335 0.7226851851851852 0.10963541666666667 0.30925925925925923
1 0.47578125 0.7245370370370371 0.1125 0.2824074074074074
1 0.4720052083333333 0.7245370370370371 0.12369791666666667 0.2759259259259259
1 0.46875 0.7178240740740741 0.11145833333333334 0.29953703703703705
1 0.49856770833333336 0.7641203703703704 0.14505208333333333 0.19675925925925927
1 0.46783854166666666 0.7203703703703703 0.11536458333333334 0.2740740740740741
1 0.47096354166666665 0.7055555555555556 0.11432291666666666 0.28425925925925927
1 0.64453125 0.7592592592592593 0.14322916666666666 0.25
1 0.644921875 0.7708333333333334 0.14973958333333334 0.2101851851851852
1 0.60078125 0.725462962962963 0.11145833333333334 0.2611111111111111
1 0.6388020833333333 0.7037037037037037 0.1171875 0.2777777777777778
1 0.6696614583333333 0.7245370370370371 0.11536458333333334 0.2564814814814815
1 0.6736979166666667 0.7344907407407407 0.1125 0.21342592592592594
1 0.6756510416666667 0.7229166666666667 0.15703125 0.23657407407407408
1 0.6532552083333333 0.7534722222222222 0.12005208333333334 0.21157407407407408
1 0.6611979166666667 0.756712962962963 0.13385416666666666 0.21157407407407408
1 0.6584635416666667 0.7493055555555556 0.13203125 0.21342592592592594
1 0.6537760416666667 0.7534722222222222 0.13411458333333334 0.2152777777777778
1 0.6608072916666666 0.7599537037037037 0.13098958333333333 0.19490740740740742
1 0.662109375 0.7590277777777777 0.14140625 0.19675925925925927
1 0.6565104166666667 0.7601851851851852 0.13020833333333334 0.225
1 0.6430989583333333 0.7326388888888888 0.09401041666666667 0.19027777777777777
1 0.6403645833333333 0.7212962962962963 0.07708333333333334 0.2064814814814815
1 0.3729166666666667 0.6981481481481482 0.146875 0.30277777777777776
1 0.42083333333333334 0.6831018518518519 0.11458333333333333 0.2726851851851852
1 0.4342447916666667 0.7104166666666667 0.09296875 0.3106481481481482
1 0.44036458333333334 0.7030092592592593 0.1125 0.29953703703703705
1 0.395703125 0.6972222222222222 0.10703125 0.29074074074074074
1 0.4134114583333333 0.6673611111111111 0.11640625 0.25787037037037036
1 0.41705729166666666 0.6673611111111111 0.12734375 0.26805555555555555
1 0.4515625 0.6717592592592593 0.14427083333333332 0.26944444444444443
1 0.46875 0.6717592592592593 0.13020833333333334 0.26944444444444443
1 0.5505208333333333 0.6895833333333333 0.1171875 0.24305555555555555
1 0.5528645833333333 0.6997685185185185 0.09010416666666667 0.24305555555555555
1 0.5571614583333333 0.6905092592592592 0.10234375 0.22824074074074074
1 0.549609375 0.6905092592592592 0.09296875 0.2449074074074074
1 0.5450520833333333 0.6914351851851852 0.09114583333333333 0.24953703703703703
1 0.5454427083333333 0.6923611111111111 0.09765625 0.23472222222222222
1 0.41106770833333334 0.669212962962963 0.12473958333333333 0.32083333333333336
1 0.39752604166666666 0.656712962962963 0.11640625 0.3226851851851852
1 0.39348958333333334 0.6599537037037037 0.1171875 0.3226851851851852
1 0.4654947916666667 0.65 0.14973958333333334 0.2861111111111111
1 0.49192708333333335 0.6606481481481481 0.10989583333333333 0.30092592592592593
1 0.30963541666666666 0.6293981481481481 0.096875 0.2708333333333333
1 0.3450520833333333 0.6821759259259259 0.1265625 0.274537037037037
1 0.346875 0.6731481481481482 0.10989583333333333 0.2796296296296296
1 0.34596354166666665 0.663425925925926 0.10963541666666667 0.26944444444444443
1 0.35104166666666664 0.6599537037037037 0.1015625 0.2828703703703704
1 0.35625 0.6675925925925926 0.10052083333333334 0.2712962962962963
1 0.3533854166666667 0.6550925925925926 0.10989583333333333 0.26296296296296295
1 0.35442708333333334 0.6664351851851852 0.10416666666666667 0.2662037037037037
1 0.33763020833333335 0.6625 0.12838541666666667 0.25462962962962965
1 0.3483072916666667 0.6601851851851852 0.12005208333333334 0.26296296296296295
1 0.49752604166666664 0.7673611111111112 0.17109375 0.3125
1 0.46119791666666665 0.7046296296296296 0.22135416666666666 0.27314814814814814
1 0.5072916666666667 0.7039351851851852 0.15520833333333334 0.3106481481481482
1 0.5208333333333334 0.6997685185185185 0.14322916666666666 0.3421296296296296
1 0.5537760416666667 0.7409722222222223 0.13307291666666668 0.29583333333333334
1 0.54921875 0.7534722222222222 0.12916666666666668 0.2810185185185185
1 0.5682291666666667 0.756712962962963 0.13020833333333334 0.2912037037037037
1 0.49752604166666664 0.7625 0.15078125 0.2824074074074074
1 0.5063802083333333 0.7650462962962963 0.14609375 0.2810185185185185
1 0.5096354166666667 0.7775462962962963 0.1375 0.2662037037037037
1 0.5141927083333333 0.7692129629629629 0.14140625 0.28935185185185186
1 0.5110677083333334 0.7650462962962963 0.14973958333333334 0.274537037037037
1 0.5138020833333333 0.7775462962962963 0.15364583333333334 0.25972222222222224
1 0.5147135416666667 0.7763888888888889 0.14609375 0.25462962962962965
1 0.323046875 0.6136574074074074 0.13671875 0.2726851851851852
1 0.302734375 0.6252314814814814 0.11067708333333333 0.25972222222222224
1 0.32083333333333336 0.6069444444444444 0.12083333333333333 0.26296296296296295
1 0.3287760416666667 0.6039351851851852 0.11640625 0.25972222222222224
1 0.36549479166666665 0.6226851851851852 0.12109375 0.2712962962962963
1 0.41236979166666665 0.6988425925925926 0.16640625 0.2050925925925926
1 0.6263020833333334 0.6252314814814814 0.121875 0.3060185185185185
1 0.5427083333333333 0.7194444444444444 0.1421875 0.2759259259259259
1 0.5416666666666666 0.7261574074074074 0.13854166666666667 0.28935185185185186
1 0.5352864583333333 0.7444444444444445 0.14036458333333332 0.23981481481481481
1 0.5291666666666667 0.7493055555555556 0.15416666666666667 0.22361111111111112
1 0.5295572916666667 0.7460648148148148 0.15911458333333334 0.21342592592592594
1 0.5360677083333333 0.7287037037037037 0.14036458333333332 0.26481481481481484
1 0.539453125 0.7245370370370371 0.14140625 0.26296296296296295
1 0.528125 0.7319444444444444 0.15625 0.23148148148148148
1 0.52734375 0.7344907407407407 0.15260416666666668 0.23657407407407408
1 0.5393229166666667 0.7245370370370371 0.14322916666666666 0.26296296296296295
1 0.5360677083333333 0.7129629629629629 0.14973958333333334 0.2796296296296296
1 0.5305989583333334 0.7319444444444444 0.14036458333333332 0.23148148148148148
1 0.5309895833333333 0.7400462962962963 0.15625 0.21157407407407408
1 0.6979166666666666 0.5946759259259259 0.09583333333333334 0.2912037037037037
1 0.693359375 0.7766203703703703 0.14244791666666667 0.2412037037037037
1 0.6897135416666667 0.7483796296296297 0.14973958333333334 0.2810185185185185
1 0.7040364583333333 0.7689814814814815 0.16015625 0.26296296296296295
1 0.4798177083333333 0.7152777777777778 0.15078125 0.30092592592592593
1 0.47565104166666666 0.7261574074074074 0.14401041666666667 0.29953703703703705
1 0.476171875 0.7525462962962963 0.13411458333333334 0.23287037037037037
1 0.47291666666666665 0.7219907407407408 0.1421875 0.29398148148148145
1 0.476171875 0.7368055555555556 0.14505208333333333 0.2810185185185185
1 0.4747395833333333 0.7238425925925925 0.14583333333333334 0.29768518518518516
1 0.471875 0.7178240740740741 0.14791666666666667 0.3189814814814815
1 0.49856770833333336 0.8087962962962963 0.16744791666666667 0.2824074074074074
1 0.658984375 0.6020833333333333 0.10130208333333333 0.29953703703703705
1 0.6481770833333333 0.5956018518518519 0.11145833333333334 0.2828703703703704
1 0.7924479166666667 0.5738425925925926 0.078125 0.19675925925925927
1 0.6756510416666667 0.6046296296296296 0.09036458333333333 0.21481481481481482
1 0.671484375 0.6196759259259259 0.09869791666666666 0.21157407407407408
1 0.6783854166666666 0.6078703703703704 0.103125 0.21851851851851853
1 0.6723958333333333 0.6310185185185185 0.10625 0.175
1 0.6752604166666667 0.6129629629629629 0.10052083333333334 0.20185185185185187
1 0.6760416666666667 0.6055555555555555 0.1078125 0.23333333333333334
2 0.6174479166666667 0.656712962962963 0.1265625 0.32546296296296295
2 0.7020833333333333 0.6171296296296296 0.09114583333333333 0.32592592592592595
2 0.7184895833333333 0.6087962962962963 0.103125 0.3388888888888889
2 0.7375 0.5805555555555556 0.13229166666666667 0.3453703703703704
2 0.7360677083333333 0.59375 0.12942708333333333 0.29583333333333334
1 0.7393229166666667 0.5956018518518519 0.0984375 0.3060185185185185
1 0.7388020833333333 0.5979166666666667 0.1125 0.30416666666666664
1 0.7427083333333333 0.6055555555555555 0.13489583333333333 0.2861111111111111
1 0.6873697916666667 0.5962962962962963 0.14140625 0.2777777777777778
1 0.6770833333333334 0.6013888888888889 0.13958333333333334 0.28425925925925927
1 0.7087239583333333 0.5988425925925925 0.09296875 0.3023148148148148
1 0.6904947916666667 0.6053240740740741 0.10130208333333333 0.3060185185185185
1 0.6682291666666667 0.6081018518518518 0.14427083333333332 0.30416666666666664
1 0.6705729166666666 0.6046296296296296 0.10416666666666667 0.3138888888888889
1 0.6579427083333333 0.612037037037037 0.11640625 0.32222222222222224
2 0.5194010416666667 0.7293981481481482 0.12578125 0.32916666666666666
2 0.5463541666666667 0.7344907407407407 0.1703125 0.32916666666666666
2 0.6166666666666667 0.6979166666666666 0.13020833333333334 0.3125
2 0.4217447916666667 0.712037037037037 0.14036458333333332 0.3175925925925926
2 0.5170572916666667 0.7071759259259259 0.12630208333333334 0.32083333333333336
2 0.527734375 0.7078703703703704 0.13671875 0.30925925925925923
2 0.5532552083333333 0.6914351851851852 0.15442708333333333 0.33194444444444443
2 0.5584635416666667 0.712037037037037 0.10703125 0.3074074074074074
2 0.5626302083333333 0.7071759259259259 0.11901041666666666 0.30787037037037035
2 0.5346354166666667 0.7055555555555556 0.13020833333333334 0.30092592592592593
2 0.52265625 0.7152777777777778 0.15416666666666667 0.30092592592592593
2 0.5458333333333333 0.7023148148148148 0.12083333333333333 0.29444444444444445
2 0.5217447916666667 0.6881944444444444 0.13567708333333334 0.29583333333333334
2 0.5016927083333333 0.6831018518518519 0.10338541666666666 0.2763888888888889
2 0.4993489583333333 0.6831018518518519 0.11536458333333334 0.3023148148148148
2 0.3477864583333333 0.6914351851851852 0.10026041666666667 0.3523148148148148
2 0.3770833333333333 0.6856481481481481 0.14427083333333332 0.3509259259259259
2 0.46822916666666664 0.6840277777777778 0.140625 0.38657407407407407
2 0.376171875 0.6625 0.12942708333333333 0.337037037037037
2 0.38919270833333336 0.6615740740740741 0.12005208333333334 0.35555555555555557
2 0.38229166666666664 0.6402777777777777 0.13020833333333334 0.3453703703703704
2 0.37109375 0.6393518518518518 0.11145833333333334 0.3175925925925926
2 0.63984375 0.6335648148148149 0.09114583333333333 0.3125
2 0.6291666666666667 0.6425925925925926 0.1015625 0.3074074074074074
2 0.6096354166666667 0.6409722222222223 0.1328125 0.3337962962962963
2 0.6259114583333333 0.6541666666666667 0.09661458333333334 0.3138888888888889
2 0.6286458333333333 0.6435185185185185 0.09479166666666666 0.32592592592592595
2 0.61796875 0.6418981481481482 0.121875 0.3125
2 0.6384114583333333 0.638425925925926 0.08828125 0.30925925925925923
2 0.7161458333333334 0.6037037037037037 0.11145833333333334 0.29907407407407405
2 0.45286458333333335 0.6881944444444444 0.10416666666666667 0.29953703703703705
2 0.44921875 0.6914351851851852 0.11354166666666667 0.28935185185185186
2 0.4309895833333333 0.6932870370370371 0.13854166666666667 0.28935185185185186
2 0.43802083333333336 0.6953703703703704 0.11354166666666667 0.2777777777777778
2 0.4315104166666667 0.6956018518518519 0.1265625 0.2912037037037037
2 0.449609375 0.7006944444444444 0.11432291666666666 0.2810185185185185
2 0.42213541666666665 0.7094907407407407 0.165625 0.2726851851851852
2 0.5287760416666667 0.7113425925925926 0.11432291666666666 0.3125
2 0.52734375 0.6972222222222222 0.10416666666666667 0.32037037037037036
2 0.600390625 0.7136574074074075 0.08098958333333334 0.2875
2 0.619921875 0.7104166666666667 0.09765625 0.29398148148148145
2 0.5770833333333333 0.7111111111111111 0.1125 0.30925925925925923
2 0.6337239583333333 0.6962962962962963 0.11067708333333333 0.29259259259259257
2 0.5412760416666667 0.694675925925926 0.09869791666666666 0.2763888888888889
2 0.5481770833333334 0.6888888888888889 0.10520833333333333 0.2675925925925926
2 0.5686197916666667 0.6930555555555555 0.11067708333333333 0.25925925925925924
2 0.591015625 0.6865740740740741 0.10338541666666666 0.2759259259259259
2 0.6170572916666667 0.6872685185185186 0.09557291666666666 0.274537037037037
2 0.6467447916666667 0.6837962962962963 0.12005208333333334 0.2777777777777778
2 0.3072916666666667 0.6368055555555555 0.13125 0.3125
2 0.446484375 0.6923611111111111 0.10598958333333333 0.36712962962962964
2 0.391015625 0.6756944444444445 0.10130208333333333 0.3337962962962963
2 0.48072916666666665 0.6872685185185186 0.13385416666666666 0.3541666666666667
2 0.427734375 0.6625 0.12265625 0.3277777777777778
2 0.48359375 0.6590277777777778 0.12083333333333333 0.32083333333333336
2 0.5087239583333333 0.6641203703703704 0.13932291666666666 0.32731481481481484
2 0.6411458333333333 0.6539351851851852 0.1234375 0.3023148148148148
2 0.37213541666666666 0.6983796296296296 0.14166666666666666 0.30324074074074076
2 0.3477864583333333 0.6972222222222222 0.15234375 0.29814814814814816
2 0.5859375 0.7168981481481481 0.125 0.30787037037037035
2 0.43697916666666664 0.7113425925925926 0.10104166666666667 0.3106481481481482
2 0.42734375 0.7159722222222222 0.14479166666666668 0.3199074074074074
2 0.26263020833333334 0.6180555555555556 0.10651041666666666 0.30925925925925923
2 0.488671875 0.680787037037037 0.13880208333333333 0.3486111111111111
2 0.4778645833333333 0.6685185185185185 0.14947916666666666 0.35648148148148145
2 0.37421875 0.6460648148148148 0.10572916666666667 0.31712962962962965
2 0.35846354166666666 0.6439814814814815 0.13567708333333334 0.31574074074074077
2 0.39986979166666664 0.6979166666666666 0.13567708333333334 0.3662037037037037
2 0.40703125 0.6888888888888889 0.13020833333333334 0.3592592592592593
2 0.29713541666666665 0.6393518518518518 0.1109375 0.33611111111111114
2 0.6915364583333333 0.6460648148148148 0.10182291666666667 0.2986111111111111
2 0.6756510416666667 0.6310185185185185 0.13098958333333333 0.30092592592592593
2 0.6859375 0.5983796296296297 0.09791666666666667 0.31157407407407406
2 0.47408854166666664 0.7175925925925926 0.13723958333333333 0.32685185185185184
2 0.508203125 0.6969907407407407 0.08723958333333333 0.2967592592592593
2 0.32109375 0.6560185185185186 0.1109375 0.33611111111111114
2 0.3098958333333333 0.6488425925925926 0.10989583333333333 0.35324074074074074
2 0.36875 0.64375 0.10625 0.3050925925925926
2 0.525 0.6224537037037037 0.140625 0.32731481481481484
2 0.6518229166666667 0.6164351851851851 0.14947916666666666 0.2671296296296296
2 0.5578125 0.7898148148148149 0.196875 0.38055555555555554
2 0.5899739583333333 0.7810185185185186 0.17265625 0.36018518518518516
2 0.59296875 0.7622685185185185 0.17447916666666666 0.4152777777777778
2 0.584375 0.7803240740740741 0.15729166666666666 0.4097222222222222
2 0.5833333333333334 0.7768518518518519 0.16666666666666666 0.3824074074074074
2 0.5828125 0.7638888888888888 0.15052083333333333 0.4009259259259259
2 0.601171875 0.775 0.16796875 0.3962962962962963
2 0.6079427083333333 0.7680555555555556 0.20234375 0.4064814814814815
2 0.61953125 0.7715277777777778 0.16979166666666667 0.38935185185185184
2 0.6557291666666667 0.7493055555555556 0.18802083333333333 0.35138888888888886
2 0.6725260416666666 0.7388888888888889 0.18307291666666667 0.34814814814814815
2 0.5393229166666667 0.6678240740740741 0.15625 0.3189814814814815
2 0.633984375 0.6266203703703703 0.16796875 0.274537037037037
2 0.660546875 0.6164351851851851 0.15130208333333334 0.2912037037037037
2 0.33307291666666666 0.625 0.140625 0.30185185185185187
2 0.321484375 0.674074074074074 0.11171875 0.35833333333333334
2 0.44453125 0.6652777777777777 0.16875 0.34814814814814815
2 0.467578125 0.6576388888888889 0.17057291666666666 0.3736111111111111
2 0.35052083333333334 0.6335648148148149 0.10416666666666667 0.32546296296296295
2 0.5201822916666666 0.5967592592592592 0.11588541666666667 0.16666666666666666
2 0.5385416666666667 0.6053240740740741 0.15052083333333333 0.13564814814814816
2 0.5529947916666667 0.787962962962963 0.14661458333333333 0.35648148148148145
2 0.5649739583333333 0.7949074074074074 0.15911458333333334 0.36018518518518516
2 0.5813802083333334 0.787962962962963 0.18828125 0.3768518518518518
2 0.6305989583333333 0.7689814814814815 0.16276041666666666 0.38055555555555554
2 0.6555989583333334 0.7597222222222222 0.14557291666666666 0.3685185185185185
2 0.6662760416666667 0.7483796296296297 0.18411458333333333 0.33935185185185185
2 0.5239583333333333 0.5608796296296297 0.12916666666666668 0.2587962962962963
2 0.5278645833333333 0.6113425925925926 0.13489583333333333 0.15787037037037038
2 0.6354166666666666 0.7631944444444444 0.14010416666666667 0.38935185185185184
2 0.7194010416666666 0.7877314814814815 0.17057291666666666 0.42453703703703705
2 0.514453125 0.6208333333333333 0.16015625 0.13518518518518519
2 0.5911458333333334 0.8231481481481482 0.2015625 0.34444444444444444
2 0.7212239583333333 0.7347222222222223 0.16692708333333334 0.3425925925925926
2 0.2515625 0.7238425925925925 0.1609375 0.399537037037037
2 0.27513020833333335 0.7409722222222223 0.15442708333333333 0.399537037037037
2 0.29010416666666666 0.7442129629629629 0.15729166666666666 0.4273148148148148
2 0.33203125 0.7537037037037037 0.13125 0.4148148148148148
2 0.33880208333333334 0.7553240740740741 0.1734375 0.3912037037037037
2 0.3509114583333333 0.7527777777777778 0.15130208333333334 0.4101851851851852
2 0.3514322916666667 0.7537037037037037 0.14661458333333333 0.425
2 0.38033854166666664 0.6421296296296296 0.11171875 0.1574074074074074
2 0.29921875 0.7400462962962963 0.12916666666666668 0.4013888888888889
2 0.301171875 0.7314814814814815 0.11953125 0.4046296296296296
2 0.31614583333333335 0.7324074074074074 0.18229166666666666 0.3824074074074074
2 0.3609375 0.6412037037037037 0.10416666666666667 0.17314814814814813
2 0.27708333333333335 0.7648148148148148 0.16197916666666667 0.3925925925925926
2 0.399609375 0.7509259259259259 0.18723958333333332 0.42685185185185187
2 0.4270833333333333 0.7449074074074075 0.18802083333333333 0.49722222222222223
2 0.22122395833333333 0.5872685185185185 0.08880208333333334 0.31527777777777777
2 0.63046875 0.7493055555555556 0.18229166666666666 0.37546296296296294
2 0.6509114583333333 0.7442129629629629 0.18046875 0.39305555555555555
2 0.6677083333333333 0.7201388888888889 0.15989583333333332 0.399537037037037
2 0.7091145833333333 0.7030092592592593 0.14270833333333333 0.35509259259259257
2 0.71015625 0.711574074074074 0.13333333333333333 0.37222222222222223
2 0.726953125 0.6935185185185185 0.13411458333333334 0.38055555555555554
2 0.6625 0.7296296296296296 0.14375 0.37037037037037035
2 0.6725260416666666 0.7106481481481481 0.13515625 0.3907407407407407
2 0.6947916666666667 0.7166666666666667 0.1640625 0.37222222222222223
2 0.693359375 0.7502314814814814 0.14557291666666666 0.36712962962962964
2 0.7076822916666666 0.7407407407407407 0.15911458333333334 0.32037037037037036
2 0.33841145833333336 0.7381944444444445 0.16484375 0.4050925925925926
2 0.35911458333333335 0.7442129629629629 0.18697916666666667 0.38935185185185184
2 0.37265625 0.7303240740740741 0.16979166666666667 0.4097222222222222
2 0.4420572916666667 0.743287037037037 0.17942708333333332 0.4078703703703704
2 0.45416666666666666 0.7372685185185185 0.20729166666666668 0.4199074074074074
2 0.37747395833333336 0.7331018518518518 0.17734375 0.4356481481481482
2 0.40924479166666666 0.7331018518518518 0.18515625 0.4078703703703704
2 0.3904947916666667 0.7638888888888888 0.21328125 0.4083333333333333
2 0.395703125 0.7768518518518519 0.17369791666666667 0.42685185185185187
2 0.25143229166666664 0.6148148148148148 0.10703125 0.37407407407407406
2 0.245703125 0.6215277777777778 0.11276041666666667 0.35694444444444445
2 0.374609375 0.6668981481481482 0.19296875 0.399537037037037
2 0.37591145833333334 0.6858796296296297 0.23619791666666667 0.37175925925925923
2 0.28958333333333336 0.5701388888888889 0.18333333333333332 0.41805555555555557
2 0.30703125 0.6240740740740741 0.18697916666666667 0.4064814814814815
2 0.31809895833333335 0.6421296296296296 0.18984375 0.425
2 0.3548177083333333 0.66875 0.17838541666666666 0.36527777777777776
2 0.358203125 0.680787037037037 0.22369791666666666 0.48564814814814816
2 0.8109375 0.6731481481481482 0.15260416666666668 0.33240740740740743
2 0.827734375 0.6666666666666666 0.17109375 0.32222222222222224
2 0.8313802083333334 0.6599537037037037 0.15078125 0.32916666666666666
2 0.8858072916666667 0.6532407407407408 0.15703125 0.33240740740740743
2 0.8845052083333333 0.6502314814814815 0.14869791666666668 0.3125
2 0.3157552083333333 0.59375 0.18880208333333334 0.39861111111111114
2 0.33203125 0.60625 0.2046875 0.4263888888888889
2 0.237109375 0.3111111111111111 0.10598958333333333 0.2861111111111111
2 0.256640625 0.3226851851851852 0.14140625 0.3194444444444444
2 0.319921875 0.4152777777777778 0.15234375 0.375
2 0.32265625 0.399537037037037 0.15260416666666668 0.3537037037037037
2 0.24049479166666668 0.4847222222222222 0.17578125 0.36574074074074076
2 0.24596354166666667 0.4847222222222222 0.18671875 0.3851851851851852
2 0.2506510416666667 0.48819444444444443 0.20755208333333333 0.3819444444444444
2 0.23333333333333334 0.40370370370370373 0.13958333333333334 0.35185185185185186
2 0.25143229166666664 0.44004629629629627 0.13671875 0.38842592592592595
2 0.26783854166666665 0.42453703703703705 0.13411458333333334 0.387037037037037
2 0.7912760416666667 0.5761574074074074 0.14609375 0.3282407407407407
2 0.85546875 0.6486111111111111 0.16197916666666667 0.34814814814814815
2 0.8609375 0.6456018518518518 0.16145833333333334 0.3449074074074074
2 0.5854166666666667 0.6143518518518518 0.20833333333333334 0.4046296296296296
2 0.5946614583333333 0.6081018518518518 0.19973958333333333 0.3958333333333333
2 0.70546875 0.6439814814814815 0.2 0.43148148148148147
2 0.7295572916666667 0.6171296296296296 0.21432291666666667 0.3925925925925926
2 0.19934895833333333 0.3685185185185185 0.14192708333333334 0.3314814814814815
2 0.3131510416666667 0.6351851851851852 0.14453125 0.5185185185185185
